Begin PolyList
	Begin Polygon Item=2DLoftTOP Texture=DefaultTexture Link=0
		Origin   -00128.620743,+00066.698570,-00256.000000
		Normal   +00000.000000,-00000.000000,-00001.000000
		TextureU -00000.555570,-00000.831470,-00000.000000
		TextureV -00000.831470,+00000.555570,-00000.000000
		Pan      U=0 V=0
		Vertex   -00128.620743,+00066.698570,-00256.000000
		Vertex   +00097.539009,-00084.416504,-00255.999985
		Vertex   -00119.852287,-00035.375492,-00256.000000
	End Polygon
	Begin Polygon Item=2DLoftSIDE Texture=DefaultTexture Link=1
		Origin   +00251.999786,+00664.000061,+01543.547119
		Normal   -00000.969008,-00000.083241,+00000.232583
		TextureU +00000.061024,-00000.080661,+00000.225375
		TextureV -00000.080661,+00000.993071,+00000.019360
		Pan      U=0 V=0
		Vertex   -00000.000019,+00000.000012,+00256.000000
		Vertex   -00128.620743,+00066.698570,-00256.000000
		Vertex   -00119.852287,-00035.375492,-00256.000000
	End Polygon
	Begin Polygon Item=2DLoftTOP Texture=DefaultTexture Link=0
		Origin   +00097.539009,-00084.416504,-00255.999985
		Normal   +00000.000000,-00000.000000,-00001.000000
		TextureU +00000.812145,+00000.583456,+00000.000000
		TextureV +00000.583456,-00000.812145,+00000.000000
		Pan      U=0 V=0
		Vertex   +00097.539009,-00084.416504,-00255.999985
		Vertex   -00061.982487,+00137.630539,-00256.000000
		Vertex   +00146.459351,+00017.597223,-00255.999985
	End Polygon
	Begin Polygon Item=2DLoftSIDE Texture=DefaultTexture Link=3
		Origin   +00251.999863,+00664.000000,+00502.387543
		Normal   +00000.876171,-00000.420165,+00000.236191
		TextureU +00000.232324,+00000.368137,-00000.206943
		TextureV +00000.368136,+00000.823462,+00000.099239
		Pan      U=0 V=0
		Vertex   -00000.000019,+00000.000012,+00256.000000
		Vertex   +00097.539009,-00084.416504,-00255.999985
		Vertex   +00146.459351,+00017.597223,-00255.999985
	End Polygon
	Begin Polygon Item=2DLoftTOP Texture=DefaultTexture Link=0
		Origin   -00022.313290,-00119.791985,-00256.000000
		Normal   +00000.000000,-00000.000000,-00001.000000
		TextureU +00000.654411,+00000.756139,+00000.000000
		TextureV +00000.756139,-00000.654411,+00000.000000
		Pan      U=0 V=0
		Vertex   -00022.313290,-00119.791985,-00256.000000
		Vertex   -00119.852287,-00035.375492,-00256.000000
		Vertex   +00097.539009,-00084.416504,-00255.999985
	End Polygon
	Begin Polygon Item=2DLoftSIDE Texture=DefaultTexture Link=5
		Origin   +00251.999634,+00664.000183,+03502.748779
		Normal   -00000.641024,-00000.740671,+00000.201230
		TextureU +00000.589088,-00000.474789,+00000.128993
		TextureV -00000.474789,+00000.451406,+00000.149045
		Pan      U=0 V=0
		Vertex   -00000.000019,+00000.000012,+00256.000000
		Vertex   -00119.852287,-00035.375492,-00256.000000
		Vertex   -00022.313290,-00119.791985,-00256.000000
	End Polygon
	Begin Polygon Item=2DLoftSIDE Texture=DefaultTexture Link=6
		Origin   +00251.999680,+00664.000122,+02922.691406
		Normal   +00000.276927,-00000.938231,+00000.207448
		TextureU +00000.923311,+00000.259822,-00000.057448
		TextureV +00000.259821,+00000.119723,+00000.194634
		Pan      U=0 V=0
		Vertex   -00000.000019,+00000.000012,+00256.000000
		Vertex   -00022.313290,-00119.791985,-00256.000000
		Vertex   +00097.539009,-00084.416504,-00255.999985
	End Polygon
	Begin Polygon Item=2DLoftTOP Texture=DefaultTexture Link=0
		Origin   -00128.620743,+00066.698570,-00256.000000
		Normal   +00000.000000,-00000.000000,-00001.000000
		TextureU +00000.728822,-00000.684704,+00000.000000
		TextureV -00000.684704,-00000.728822,-00000.000000
		Pan      U=0 V=0
		Vertex   -00128.620743,+00066.698570,-00256.000000
		Vertex   -00061.982487,+00137.630539,-00256.000000
		Vertex   +00097.539009,-00084.416504,-00255.999985
	End Polygon
	Begin Polygon Item=2DLoftSIDE Texture=DefaultTexture Link=8
		Origin   +00251.999954,+00663.999939,-00739.205566
		Normal   -00000.703219,+00000.660651,+00000.262721
		TextureU +00000.505483,+00000.464583,+00000.184750
		TextureV +00000.464583,+00000.563539,-00000.173567
		Pan      U=0 V=0
		Vertex   -00000.000019,+00000.000012,+00256.000000
		Vertex   -00061.982487,+00137.630539,-00256.000000
		Vertex   -00128.620743,+00066.698570,-00256.000000
	End Polygon
	Begin Polygon Item=2DLoftTOP Texture=DefaultTexture Link=0
		Origin   +00044.505966,+00124.206345,-00256.000000
		Normal   +00000.000000,-00000.000000,-00001.000000
		TextureU -00000.722711,-00000.691150,-00000.000000
		TextureV -00000.691150,+00000.722711,-00000.000000
		Pan      U=0 V=0
		Vertex   +00044.505966,+00124.206345,-00256.000000
		Vertex   +00146.459351,+00017.597223,-00255.999985
		Vertex   -00061.982487,+00137.630539,-00256.000000
	End Polygon
	Begin Polygon Item=2DLoftSIDE Texture=DefaultTexture Link=10
		Origin   +00252.000076,+00663.999878,-02525.251221
		Normal   +00000.704247,+00000.673492,+00000.224600
		TextureU +00000.504036,-00000.474304,-00000.158174
		TextureV -00000.474304,+00000.546409,-00000.151266
		Pan      U=0 V=0
		Vertex   -00000.000019,+00000.000012,+00256.000000
		Vertex   +00146.459351,+00017.597223,-00255.999985
		Vertex   +00044.505966,+00124.206345,-00256.000000
	End Polygon
	Begin Polygon Item=2DLoftSIDE Texture=DefaultTexture Link=11
		Origin   +00252.000076,+00663.999878,-02488.119629
		Normal   +00000.121294,+00000.962171,+00000.243957
		TextureU +00000.985288,-00000.116705,-00000.029590
		TextureV -00000.116705,+00000.074227,-00000.234728
		Pan      U=0 V=0
		Vertex   -00000.000019,+00000.000012,+00256.000000
		Vertex   +00044.505966,+00124.206345,-00256.000000
		Vertex   -00061.982487,+00137.630539,-00256.000000
	End Polygon
End PolyList
