Begin PolyList
	Begin Polygon Item=2DLoftSIDE Texture=DefaultTexture Link=0
		Origin   +04288.000000,+00318.000000,-02351.999512
		Normal   -00000.000000,+00000.992278,+00000.124035
		TextureU -00001.000000,+00000.000000,-00000.000000
		TextureV +00000.000000,+00000.124035,-00000.992278
		Pan      U=0 V=0
		Vertex   +00048.500015,+00048.500000,-00192.000000
		Vertex   -00048.499985,+00048.500000,-00192.000000
		Vertex   -00032.499994,+00032.500000,-00064.000000
		Vertex   +00032.500004,+00032.500000,-00063.999996
	End Polygon
	Begin Polygon Item=2DLoftSIDE Texture=DefaultTexture Link=1
		Origin   -00317.999786,+00768.000000,-02352.000000
		Normal   -00000.992278,+00000.000000,+00000.124035
		TextureU +00000.000000,-00001.000000,+00000.000000
		TextureV -00000.124035,+00000.000000,-00000.992278
		Pan      U=0 V=0
		Vertex   -00048.499985,+00048.500000,-00192.000000
		Vertex   -00048.499985,-00048.500000,-00192.000000
		Vertex   -00032.499994,-00032.500000,-00064.000000
		Vertex   -00032.499994,+00032.500000,-00064.000000
	End Polygon
	Begin Polygon Item=2DLoftSIDE Texture=DefaultTexture Link=2
		Origin   +04288.000000,-00318.000000,-02351.999512
		Normal   -00000.000000,-00000.992278,+00000.124035
		TextureU +00001.000000,+00000.000000,+00000.000000
		TextureV +00000.000000,-00000.124035,-00000.992278
		Pan      U=0 V=0
		Vertex   -00048.499985,-00048.500000,-00192.000000
		Vertex   +00048.500015,-00048.500000,-00192.000000
		Vertex   +00032.500004,-00032.500000,-00063.999996
		Vertex   -00032.499994,-00032.500000,-00064.000000
	End Polygon
	Begin Polygon Item=2DLoftSIDE Texture=DefaultTexture Link=3
		Origin   +00318.000214,+00768.000000,-02352.000000
		Normal   +00000.992278,+00000.000000,+00000.124035
		TextureU +00000.000000,+00001.000000,+00000.000000
		TextureV +00000.124035,+00000.000000,-00000.992278
		Pan      U=0 V=0
		Vertex   +00048.500015,-00048.500000,-00192.000000
		Vertex   +00048.500015,+00048.500000,-00192.000000
		Vertex   +00032.500004,+00032.500000,-00063.999996
		Vertex   +00032.500004,-00032.500000,-00063.999996
	End Polygon
	Begin Polygon Item=OUTSIDE Texture=DefaultTexture Link=4
		Origin   +04288.000000,+00768.000000,-00191.999619
		Normal   +00000.000000,+00000.000000,-00001.000000
		TextureU +00001.000000,+00000.000000,+00000.000000
		TextureV +00000.000000,+00001.000000,+00000.000000
		Pan      U=0 V=0
		Vertex   +00048.500015,+00048.500000,-00192.000000
		Vertex   +00048.500015,-00048.500000,-00192.000000
		Vertex   -00048.499985,-00048.500000,-00192.000000
		Vertex   -00048.499985,+00048.500000,-00192.000000
	End Polygon
	Begin Polygon Item=OUTSIDE Texture=DefaultTexture Link=5
		Origin   +04288.000000,+00768.000000,-00063.999626
		Normal   -00000.000000,+00000.000000,+00001.000000
		TextureU +00001.000000,+00000.000000,+00000.000000
		TextureV +00000.000000,+00001.000000,+00000.000000
		Pan      U=0 V=0
		Vertex   +00032.500004,+00032.500000,-00063.999996
		Vertex   -00032.499994,+00032.500000,-00064.000000
		Vertex   -00032.499994,-00032.500000,-00064.000000
		Vertex   +00032.500004,-00032.500000,-00063.999996
	End Polygon
End PolyList
