Begin PolyList
	Begin Polygon Texture=DefaultTexture Link=0
		Origin   -00113.137062,+00022.627419,-00240.000000
		Normal   -00000.707107,-00000.707107,-00000.000000
		TextureU +00000.707107,-00000.707107,+00000.000000
		TextureV +00000.000000,+00000.000000,-00001.000000
		Pan      U=0 V=0
		Vertex   -00113.137062,+00022.627419,-00240.000000
		Vertex   +00045.254848,-00135.764481,-00240.000000
		Vertex   -00011.313693,-00079.195946,-00176.000000
	End Polygon
	Begin Polygon Texture=DefaultTexture Link=0
		Origin   +00079.195953,-00169.705612,+00176.000000
		Normal   -00000.707107,-00000.707107,+00000.000000
		TextureU +00000.707107,-00000.707107,+00000.000000
		TextureV +00000.000000,+00000.000000,-00001.000000
		Pan      U=0 V=0
		Vertex   +00079.195953,-00169.705612,+00176.000000
		Vertex   +00090.509659,-00181.019333,+00176.000000
		Vertex   +00090.509659,-00181.019333,+00240.000000
		Vertex   +00056.568535,-00147.078201,+00240.000000
	End Polygon
	Begin Polygon Texture=DefaultTexture Link=0
		Origin   +00079.195953,-00169.705612,+00176.000000
		Normal   -00000.707107,-00000.707107,-00000.000000
		TextureU +00000.707107,-00000.707107,+00000.000000
		TextureV +00000.000000,+00000.000000,-00001.000000
		Pan      U=0 V=0
		Vertex   +00079.195953,-00169.705612,+00176.000000
		Vertex   +00056.568535,-00147.078201,+00240.000000
		Vertex   -00113.137062,+00022.627419,-00240.000000
		Vertex   -00022.627407,-00067.882240,-00112.000000
	End Polygon
	Begin Polygon Texture=DefaultTexture Link=0
		Origin   -00022.627407,-00067.882240,-00112.000000
		Normal   -00000.707107,-00000.707107,-00000.000000
		TextureU +00000.707107,-00000.707107,+00000.000000
		TextureV +00000.000000,+00000.000000,-00001.000000
		Pan      U=0 V=0
		Vertex   -00022.627407,-00067.882240,-00112.000000
		Vertex   -00113.137062,+00022.627419,-00240.000000
		Vertex   -00011.313693,-00079.195946,-00176.000000
	End Polygon
	Begin Polygon Texture=DefaultTexture Link=4
		Origin   +00056.568535,-00147.078201,+00240.000000
		Normal   +00000.000000,+00000.000000,+00001.000000
		TextureU +00000.707107,+00000.707107,+00000.000000
		TextureV -00000.707107,+00000.707107,+00000.000000
		Pan      U=0 V=0
		Vertex   +00056.568535,-00147.078201,+00240.000000
		Vertex   +00090.509659,-00181.019333,+00240.000000
		Vertex   +00135.764481,-00135.764496,+00240.000000
		Vertex   +00101.823357,-00101.823372,+00240.000000
	End Polygon
	Begin Polygon Texture=DefaultTexture Link=5
		Origin   +00090.509659,-00181.019333,+00240.000000
		Normal   +00000.707107,-00000.707107,+00000.000000
		TextureU +00000.707107,+00000.707107,+00000.000000
		TextureV +00000.000000,+00000.000000,-00001.000000
		Pan      U=0 V=0
		Vertex   +00090.509659,-00181.019333,+00240.000000
		Vertex   +00090.509659,-00181.019333,+00176.000000
		Vertex   +00135.764481,-00135.764496,+00176.000000
		Vertex   +00135.764481,-00135.764496,+00240.000000
	End Polygon
	Begin Polygon Texture=DefaultTexture Link=6
		Origin   +00090.509659,-00181.019333,+00176.000000
		Normal   +00000.000000,+00000.000000,-00001.000000
		TextureU +00000.707107,+00000.707107,+00000.000000
		TextureV +00000.707107,-00000.707107,+00000.000000
		Pan      U=0 V=0
		Vertex   +00090.509659,-00181.019333,+00176.000000
		Vertex   +00079.195953,-00169.705612,+00176.000000
		Vertex   +00124.450775,-00124.450790,+00176.000000
		Vertex   +00135.764481,-00135.764496,+00176.000000
	End Polygon
	Begin Polygon Texture=DefaultTexture Link=7
		Origin   +00079.195953,-00169.705612,+00176.000000
		Normal   +00000.632456,-00000.632455,-00000.447214
		TextureU +00000.707107,+00000.707107,+00000.000000
		TextureV -00000.316228,+00000.316228,-00000.894427
		Pan      U=32 V=0
		Vertex   +00079.195953,-00169.705612,+00176.000000
		Vertex   -00022.627407,-00067.882240,-00112.000000
		Vertex   +00022.627420,-00022.627409,-00112.000000
		Vertex   +00124.450775,-00124.450790,+00176.000000
	End Polygon
	Begin Polygon Texture=DefaultTexture Link=8
		Origin   -00022.627407,-00067.882240,-00112.000000
		Normal   +00000.685994,-00000.685994,+00000.242536
		TextureU +00000.707107,+00000.707107,+00000.000000
		TextureV +00000.171499,-00000.171499,-00000.970142
		Pan      U=32 V=0
		Vertex   -00022.627407,-00067.882240,-00112.000000
		Vertex   -00011.313693,-00079.195946,-00176.000000
		Vertex   +00033.941132,-00033.941113,-00176.000000
		Vertex   +00022.627420,-00022.627409,-00112.000000
	End Polygon
	Begin Polygon Texture=DefaultTexture Link=9
		Origin   -00011.313693,-00079.195946,-00176.000000
		Normal   +00000.441726,-00000.441726,+00000.780869
		TextureU +00000.707107,+00000.707107,+00000.000000
		TextureV +00000.552158,-00000.552158,-00000.624695
		Pan      U=32 V=0
		Vertex   -00011.313693,-00079.195946,-00176.000000
		Vertex   +00045.254848,-00135.764481,-00240.000000
		Vertex   +00090.509674,-00090.509644,-00240.000000
		Vertex   +00033.941132,-00033.941113,-00176.000000
	End Polygon
	Begin Polygon Texture=DefaultTexture Link=10
		Origin   +00045.254848,-00135.764481,-00240.000000
		Normal   +00000.000000,+00000.000000,-00001.000000
		TextureU +00000.707107,+00000.707107,+00000.000000
		TextureV +00000.707107,-00000.707107,+00000.000000
		Pan      U=0 V=0
		Vertex   +00045.254848,-00135.764481,-00240.000000
		Vertex   -00113.137062,+00022.627419,-00240.000000
		Vertex   -00067.882233,+00067.882256,-00240.000000
		Vertex   +00090.509674,-00090.509644,-00240.000000
	End Polygon
	Begin Polygon Texture=DefaultTexture Link=11
		Origin   -00113.137062,+00022.627419,-00240.000000
		Normal   -00000.632456,+00000.632455,+00000.447214
		TextureU +00000.707107,+00000.707107,+00000.000000
		TextureV +00000.316228,-00000.316228,+00000.894427
		Pan      U=32 V=0
		Vertex   -00113.137062,+00022.627419,-00240.000000
		Vertex   +00056.568535,-00147.078201,+00240.000000
		Vertex   +00101.823357,-00101.823372,+00240.000000
		Vertex   -00067.882233,+00067.882256,-00240.000000
	End Polygon
	Begin Polygon Texture=DefaultTexture Link=12
		Origin   +00033.941132,-00033.941113,-00176.000000
		Normal   +00000.707107,+00000.707107,+00000.000000
		TextureU -00000.707107,+00000.707107,+00000.000000
		TextureV +00000.000000,+00000.000000,-00001.000000
		Pan      U=0 V=0
		Vertex   +00033.941132,-00033.941113,-00176.000000
		Vertex   +00090.509674,-00090.509644,-00240.000000
		Vertex   -00067.882233,+00067.882256,-00240.000000
	End Polygon
	Begin Polygon Texture=DefaultTexture Link=12
		Origin   +00135.764481,-00135.764496,+00240.000000
		Normal   +00000.707107,+00000.707107,+00000.000000
		TextureU -00000.707107,+00000.707107,+00000.000000
		TextureV +00000.000000,+00000.000000,-00001.000000
		Pan      U=0 V=0
		Vertex   +00135.764481,-00135.764496,+00240.000000
		Vertex   +00135.764481,-00135.764496,+00176.000000
		Vertex   +00124.450775,-00124.450790,+00176.000000
		Vertex   +00101.823357,-00101.823372,+00240.000000
	End Polygon
	Begin Polygon Texture=DefaultTexture Link=12
		Origin   -00067.882233,+00067.882256,-00240.000000
		Normal   +00000.707107,+00000.707107,+00000.000000
		TextureU -00000.707107,+00000.707107,+00000.000000
		TextureV +00000.000000,+00000.000000,-00001.000000
		Pan      U=0 V=0
		Vertex   -00067.882233,+00067.882256,-00240.000000
		Vertex   +00101.823357,-00101.823372,+00240.000000
		Vertex   +00124.450775,-00124.450790,+00176.000000
		Vertex   +00022.627420,-00022.627409,-00112.000000
	End Polygon
	Begin Polygon Texture=DefaultTexture Link=12
		Origin   +00033.941132,-00033.941113,-00176.000000
		Normal   +00000.707107,+00000.707107,+00000.000000
		TextureU -00000.707107,+00000.707107,+00000.000000
		TextureV +00000.000000,+00000.000000,-00001.000000
		Pan      U=0 V=0
		Vertex   +00033.941132,-00033.941113,-00176.000000
		Vertex   -00067.882233,+00067.882256,-00240.000000
		Vertex   +00022.627420,-00022.627409,-00112.000000
	End Polygon
End PolyList
