Begin PolyList
	Begin Polygon Item=2DLoftEND Texture=DefaultTexture Link=0
		Origin   -00127.999947,-00576.000000,+00000.000011
		Normal   +00000.000000,-00001.000000,+00000.000000
		TextureU +00000.316228,+00000.000000,+00000.948683
		TextureV -00000.948683,-00000.000000,+00000.316228
		Pan      U=0 V=0
		Vertex   -00127.999947,-00576.000000,+00000.000011
		Vertex   +00064.000046,-00576.000000,-00064.000008
		Vertex   +00128.000046,-00576.000000,-00000.000011
	End Polygon
	Begin Polygon Item=2DLoftTOP Texture=DefaultTexture Link=1
		Origin   +00127.999947,+00576.000000,-00000.000011
		Normal   -00000.000000,+00001.000000,+00000.000000
		TextureU -00000.707107,-00000.000000,+00000.707107
		TextureV +00000.707107,+00000.000000,+00000.707107
		Pan      U=0 V=0
		Vertex   +00127.999947,+00576.000000,-00000.000011
		Vertex   +00063.999943,+00576.000000,-00064.000008
		Vertex   -00128.000046,+00576.000000,+00000.000011
	End Polygon
	Begin Polygon Item=2DLoftSIDE Texture=DefaultTexture Link=2
		Origin   +00128.000046,-00576.000000,-00000.000011
		Normal   +00000.707107,+00000.000000,-00000.707107
		TextureU -00000.000000,+00001.000000,+00000.000000
		TextureV +00000.707107,+00000.000000,+00000.707107
		Pan      U=0 V=0
		Vertex   +00128.000046,-00576.000000,-00000.000011
		Vertex   +00064.000046,-00576.000000,-00064.000008
		Vertex   +00063.999943,+00576.000000,-00064.000008
		Vertex   +00127.999947,+00576.000000,-00000.000011
	End Polygon
	Begin Polygon Item=2DLoftSIDE Texture=DefaultTexture Link=3
		Origin   -00127.999947,-00576.000000,+00000.000011
		Normal   +00000.000000,+00000.000000,+00001.000000
		TextureU -00000.000000,+00001.000000,+00000.000000
		TextureV -00001.000000,-00000.000000,+00000.000000
		Pan      U=0 V=0
		Vertex   -00127.999947,-00576.000000,+00000.000011
		Vertex   +00128.000046,-00576.000000,-00000.000011
		Vertex   +00127.999947,+00576.000000,-00000.000011
		Vertex   -00128.000046,+00576.000000,+00000.000011
	End Polygon
	Begin Polygon Item=2DLoftEND Texture=DefaultTexture Link=0
		Origin   +00064.000046,-00576.000000,-00064.000008
		Normal   +00000.000000,-00001.000000,+00000.000000
		TextureU -00000.316228,-00000.000000,-00000.948683
		TextureV +00000.948683,+00000.000000,-00000.316228
		Pan      U=0 V=0
		Vertex   +00064.000046,-00576.000000,-00064.000008
		Vertex   -00127.999947,-00576.000000,+00000.000011
		Vertex   -00063.999954,-00576.000000,-00063.999996
	End Polygon
	Begin Polygon Item=2DLoftTOP Texture=DefaultTexture Link=1
		Origin   -00064.000053,+00576.000000,-00063.999996
		Normal   -00000.000000,+00001.000000,+00000.000000
		TextureU +00000.707107,+00000.000000,+00000.707107
		TextureV +00000.707107,+00000.000000,-00000.707107
		Pan      U=0 V=0
		Vertex   -00064.000053,+00576.000000,-00063.999996
		Vertex   -00128.000046,+00576.000000,+00000.000011
		Vertex   +00063.999943,+00576.000000,-00064.000008
	End Polygon
	Begin Polygon Item=2DLoftSIDE Texture=DefaultTexture Link=6
		Origin   -00063.999954,-00576.000000,-00063.999996
		Normal   -00000.707107,-00000.000000,-00000.707107
		TextureU -00000.000000,+00001.000000,+00000.000000
		TextureV +00000.707107,+00000.000000,-00000.707107
		Pan      U=0 V=0
		Vertex   -00063.999954,-00576.000000,-00063.999996
		Vertex   -00127.999947,-00576.000000,+00000.000011
		Vertex   -00128.000046,+00576.000000,+00000.000011
		Vertex   -00064.000053,+00576.000000,-00063.999996
	End Polygon
	Begin Polygon Item=2DLoftSIDE Texture=DefaultTexture Link=7
		Origin   +00064.000046,-00576.000000,-00064.000008
		Normal   -00000.000000,-00000.000000,-00001.000000
		TextureU -00000.000000,+00001.000000,+00000.000000
		TextureV +00001.000000,+00000.000000,-00000.000000
		Pan      U=0 V=0
		Vertex   +00064.000046,-00576.000000,-00064.000008
		Vertex   -00063.999954,-00576.000000,-00063.999996
		Vertex   -00064.000053,+00576.000000,-00063.999996
		Vertex   +00063.999943,+00576.000000,-00064.000008
	End Polygon
End PolyList
