Begin PolyList
	Begin Polygon Item=2DLoftTOP Texture=DefaultTexture Link=0
		Origin   +00128.000000,+00128.000000,-00128.000000
		Normal   +00000.000000,+00000.000000,-00001.000000
		TextureU -00001.000000,-00000.000000,-00000.000000
		TextureV -00000.000000,+00001.000000,+00000.000000
		Pan      U=0 V=0
		Vertex   +00128.000000,+00128.000000,-00128.000000
		Vertex   +00128.000000,-00128.000000,-00128.000000
		Vertex   -00128.000000,+00128.000000,-00128.000000
	End Polygon
	Begin Polygon Item=2DLoftEND Texture=DefaultTexture Link=1
		Origin   -00064.000000,+00064.000000,-00000.000000
		Normal   -00000.000000,-00000.000000,+00001.000000
		TextureU +00000.707107,+00000.707107,+00000.000000
		TextureV -00000.707107,+00000.707107,-00000.000000
		Pan      U=0 V=0
		Vertex   -00064.000000,+00064.000000,-00000.000000
		Vertex   +00064.000000,-00064.000000,+00000.000000
		Vertex   +00064.000000,+00064.000000,+00000.000000
	End Polygon
	Begin Polygon Item=2DLoftSIDE Texture=DefaultTexture Link=2
		Origin   +00064.000000,+00064.000000,+00000.000000
		Normal   +00000.894427,+00000.000000,+00000.447214
		TextureU +00000.447214,+00000.000000,-00000.894427
		TextureV -00000.000000,+00001.000000,+00000.000000
		Pan      U=0 V=0
		Vertex   +00064.000000,+00064.000000,+00000.000000
		Vertex   +00064.000000,-00064.000000,+00000.000000
		Vertex   +00128.000000,-00128.000000,-00128.000000
		Vertex   +00128.000000,+00128.000000,-00128.000000
	End Polygon
	Begin Polygon Item=2DLoftSIDE Texture=DefaultTexture Link=3
		Origin   -00064.000000,+00064.000000,-00000.000000
		Normal   -00000.000000,+00000.894427,+00000.447214
		TextureU +00000.000000,+00000.447214,-00000.894427
		TextureV -00001.000000,-00000.000000,-00000.000000
		Pan      U=0 V=0
		Vertex   -00064.000000,+00064.000000,-00000.000000
		Vertex   +00064.000000,+00064.000000,+00000.000000
		Vertex   +00128.000000,+00128.000000,-00128.000000
		Vertex   -00128.000000,+00128.000000,-00128.000000
	End Polygon
	Begin Polygon Item=2DLoftTOP Texture=DefaultTexture Link=0
		Origin   -00128.000000,-00128.000000,-00128.000000
		Normal   +00000.000000,+00000.000000,-00001.000000
		TextureU +00001.000000,+00000.000000,+00000.000000
		TextureV +00000.000000,-00001.000000,+00000.000000
		Pan      U=0 V=0
		Vertex   -00128.000000,-00128.000000,-00128.000000
		Vertex   -00128.000000,+00128.000000,-00128.000000
		Vertex   +00128.000000,-00128.000000,-00128.000000
	End Polygon
	Begin Polygon Item=2DLoftEND Texture=DefaultTexture Link=1
		Origin   +00064.000000,-00064.000000,+00000.000000
		Normal   -00000.000000,-00000.000000,+00001.000000
		TextureU -00000.707107,-00000.707107,-00000.000000
		TextureV +00000.707107,-00000.707107,+00000.000000
		Pan      U=0 V=0
		Vertex   +00064.000000,-00064.000000,+00000.000000
		Vertex   -00064.000000,+00064.000000,-00000.000000
		Vertex   -00064.000000,-00064.000000,-00000.000000
	End Polygon
	Begin Polygon Item=2DLoftSIDE Texture=DefaultTexture Link=6
		Origin   -00064.000000,-00064.000000,-00000.000000
		Normal   -00000.894427,-00000.000000,+00000.447214
		TextureU -00000.447214,-00000.000000,-00000.894427
		TextureV +00000.000000,-00001.000000,+00000.000000
		Pan      U=0 V=0
		Vertex   -00064.000000,-00064.000000,-00000.000000
		Vertex   -00064.000000,+00064.000000,-00000.000000
		Vertex   -00128.000000,+00128.000000,-00128.000000
		Vertex   -00128.000000,-00128.000000,-00128.000000
	End Polygon
	Begin Polygon Item=2DLoftSIDE Texture=DefaultTexture Link=7
		Origin   +00064.000000,-00064.000000,+00000.000000
		Normal   +00000.000000,-00000.894427,+00000.447214
		TextureU +00000.000000,-00000.447214,-00000.894427
		TextureV +00001.000000,+00000.000000,+00000.000000
		Pan      U=0 V=0
		Vertex   +00064.000000,-00064.000000,+00000.000000
		Vertex   -00064.000000,-00064.000000,-00000.000000
		Vertex   -00128.000000,-00128.000000,-00128.000000
		Vertex   +00128.000000,-00128.000000,-00128.000000
	End Polygon
End PolyList
