Begin PolyList
	Begin Polygon Texture=DefaultTexture Link=0
		Origin   +00500.676575,-00338.705627,-00697.728760
		Normal   +00000.919431,-00000.090556,+00000.382683
		TextureU +00000.380841,-00000.037509,-00000.923880
		TextureV -00000.098017,-00000.995185,-00000.000000
		Pan      U=0 V=0
		Vertex   +00500.676575,-00338.705627,-00697.728760
		Vertex   +00519.136536,-00276.214142,-00727.292908
		Vertex   +00506.949646,-00275.013824,-00697.728760
	End Polygon
	Begin Polygon Texture=DefaultTexture Flags=524320 Link=1
		Origin   +00506.949646,-00275.013824,-00697.728760
		Normal   -00000.323513,+00000.930618,-00000.171141
		TextureU -00000.380841,+00000.037509,+00000.923880
		TextureV -00000.866198,-00000.364065,-00000.342282
		Pan      U=-48 V=156
		Vertex   +00457.156433,-00302.264465,-00751.784607
		Vertex   +00444.969543,-00301.064178,-00722.220459
		Vertex   +00506.949646,-00275.013824,-00697.728760
	End Polygon
	Begin Polygon Texture=DefaultTexture Link=2
		Origin   +01185.345581,-00373.984650,-00448.699341
		Normal   +00000.098017,+00000.995185,+00000.000000
		TextureU -00000.380841,+00000.037509,+00000.923880
		TextureV -00000.919431,+00000.090556,-00000.382683
		Pan      U=-31 V=0
		Vertex   +00444.969543,-00301.064178,-00722.220459
		Vertex   +00457.156433,-00302.264465,-00751.784607
		Vertex   +00265.914795,-00283.428864,-00831.382813
	End Polygon
	Begin Polygon Texture=DefaultTexture Link=3
		Origin   +01173.814209,-00491.065125,-00448.699341
		Normal   -00000.204773,-00000.977788,-00000.044713
		TextureU +00000.380841,-00000.037509,-00000.923880
		TextureV -00000.901681,+00000.206214,-00000.380062
		Pan      U=0 V=0
		Vertex   +00500.676575,-00338.705627,-00697.728760
		Vertex   +00253.727921,-00282.228577,-00801.818604
		Vertex   +00265.914795,-00283.428864,-00831.382813
	End Polygon
	Begin Polygon Texture=DefaultTexture Link=4
		Origin   +01170.022217,-00404.630249,-00419.135193
		Normal   -00000.380841,+00000.037509,+00000.923880
		TextureU -00000.098017,-00000.995185,-00000.000000
		TextureV -00000.919431,+00000.090556,-00000.382683
		Pan      U=0 V=0
		Vertex   +00500.676575,-00338.705627,-00697.728760
		Vertex   +00444.969543,-00301.064178,-00722.220459
		Vertex   +00253.727921,-00282.228577,-00801.818604
	End Polygon
	Begin Polygon Texture=DefaultTexture Link=5
		Origin   +01185.345581,-00373.984650,-00448.699341
		Normal   +00000.380841,-00000.037509,-00000.923880
		TextureU +00000.098017,+00000.995185,+00000.000000
		TextureV -00000.919431,+00000.090556,-00000.382683
		Pan      U=0 V=0
		Vertex   +00512.863464,-00339.905945,-00727.292908
		Vertex   +00265.914795,-00283.428864,-00831.382813
		Vertex   +00457.156433,-00302.264465,-00751.784607
	End Polygon
	Begin Polygon Texture=DefaultTexture Link=6
		Origin   +01161.627319,-00489.864807,-00419.135193
		Normal   -00000.204773,-00000.977788,-00000.044713
		TextureU +00000.380841,-00000.037509,-00000.923880
		TextureV -00000.901681,+00000.206214,-00000.380062
		Pan      U=95 V=0
		Vertex   +00512.863464,-00339.905945,-00727.292908
		Vertex   +00500.676575,-00338.705627,-00697.728760
		Vertex   +00265.914795,-00283.428864,-00831.382813
	End Polygon
	Begin Polygon Texture=DefaultTexture Link=7
		Origin   +01173.158691,-00372.784363,-00419.135193
		Normal   +00000.098017,+00000.995185,+00000.000000
		TextureU -00000.380841,+00000.037509,+00000.923880
		TextureV -00000.919431,+00000.090556,-00000.382683
		Pan      U=0 V=0
		Vertex   +00265.914795,-00283.428864,-00831.382813
		Vertex   +00253.727921,-00282.228577,-00801.818604
		Vertex   +00444.969543,-00301.064178,-00722.220459
	End Polygon
	Begin Polygon Texture=DefaultTexture Link=8
		Origin   +01170.022217,-00404.630249,-00419.135193
		Normal   -00000.380841,+00000.037509,+00000.923880
		TextureU -00000.098017,-00000.995185,-00000.000000
		TextureV -00000.919431,+00000.090556,-00000.382683
		Pan      U=0 V=0
		Vertex   +00500.676575,-00338.705627,-00697.728760
		Vertex   +00506.949646,-00275.013824,-00697.728760
		Vertex   +00444.969543,-00301.064178,-00722.220459
	End Polygon
	Begin Polygon Texture=DefaultTexture Link=9
		Origin   +01182.208984,-00405.830566,-00448.699341
		Normal   +00000.380841,-00000.037509,-00000.923880
		TextureU +00000.098017,+00000.995185,+00000.000000
		TextureV -00000.919431,+00000.090556,-00000.382683
		Pan      U=95 V=0
		Vertex   +00512.863464,-00339.905945,-00727.292908
		Vertex   +00457.156433,-00302.264465,-00751.784607
		Vertex   +00519.136536,-00276.214142,-00727.292908
	End Polygon
	Begin Polygon Texture=DefaultTexture Flags=524320 Link=10
		Origin   +00457.156433,-00302.264465,-00751.784607
		Normal   -00000.323513,+00000.930618,-00000.171141
		TextureU -00000.380841,+00000.037509,+00000.923880
		TextureV -00000.866198,-00000.364065,-00000.342282
		Pan      U=-80 V=100
		Vertex   +00506.949646,-00275.013824,-00697.728760
		Vertex   +00519.136536,-00276.214142,-00727.292908
		Vertex   +00457.156433,-00302.264465,-00751.784607
	End Polygon
	Begin Polygon Texture=DefaultTexture Link=11
		Origin   +00519.136536,-00276.214142,-00727.292908
		Normal   +00000.919431,-00000.090556,+00000.382683
		TextureU -00000.380841,+00000.037509,+00000.923880
		TextureV +00000.098017,+00000.995185,+00000.000000
		Pan      U=0 V=0
		Vertex   +00500.676575,-00338.705627,-00697.728760
		Vertex   +00512.863464,-00339.905945,-00727.292908
		Vertex   +00519.136536,-00276.214142,-00727.292908
	End Polygon
End PolyList
