Begin PolyList
	Begin Polygon Item=2DLoftEND Texture=DefaultTexture Link=0
		Origin   +00080.000000,-00016.000000,+00256.000000
		Normal   +00000.000000,+00000.000000,+00001.000000
		TextureU +00000.707107,-00000.707107,+00000.000000
		TextureV -00000.707107,-00000.707107,-00000.000000
		Pan      U=0 V=0
		Vertex   +00224.000000,-00064.000000,+00256.000000
		Vertex   +00128.000000,+00032.000000,+00256.000000
		Vertex   +00080.000000,-00016.000000,+00256.000000
	End Polygon
	Begin Polygon Item=2DLoftTOP Texture=DefaultTexture Link=1
		Origin   +00224.000000,-00064.000000,-00256.000000
		Normal   +00000.000000,+00000.000000,-00001.000000
		TextureU -00000.707107,-00000.707107,-00000.000000
		TextureV +00000.707107,-00000.707107,+00000.000000
		Pan      U=0 V=0
		Vertex   +00080.000000,-00016.000000,-00256.000000
		Vertex   +00128.000000,+00032.000000,-00256.000000
		Vertex   +00224.000000,-00064.000000,-00256.000000
	End Polygon
	Begin Polygon Item=2DLoftSIDE Texture=DefaultTexture Link=2
		Origin   +00224.000000,-00064.000000,+00256.000000
		Normal   +00000.707107,+00000.707107,+00000.000000
		TextureU +00000.000000,+00000.000000,-00001.000000
		TextureV +00000.707107,-00000.707107,+00000.000000
		Pan      U=0 V=0
		Vertex   +00224.000000,-00064.000000,-00256.000000
		Vertex   +00128.000000,+00032.000000,-00256.000000
		Vertex   +00128.000000,+00032.000000,+00256.000000
		Vertex   +00224.000000,-00064.000000,+00256.000000
	End Polygon
	Begin Polygon Item=2DLoftSIDE Texture=DefaultTexture Link=3
		Origin   +00128.000000,+00032.000000,+00256.000000
		Normal   -00000.707107,+00000.707107,+00000.000000
		TextureU +00000.000000,+00000.000000,-00001.000000
		TextureV +00000.707107,+00000.707107,+00000.000000
		Pan      U=0 V=0
		Vertex   +00128.000000,+00032.000000,-00256.000000
		Vertex   +00080.000000,-00016.000000,-00256.000000
		Vertex   +00080.000000,-00016.000000,+00256.000000
		Vertex   +00128.000000,+00032.000000,+00256.000000
	End Polygon
	Begin Polygon Item=2DLoftSIDE Texture=DefaultTexture Link=4
		Origin   +00080.000000,-00016.000000,+00256.000000
		Normal   -00000.316228,-00000.948683,-00000.000000
		TextureU +00000.948683,-00000.316228,+00000.000000
		TextureV +00000.000000,+00000.000000,-00001.000000
		Pan      U=0 V=0
		Vertex   +00080.000000,-00016.000000,-00256.000000
		Vertex   +00224.000000,-00064.000000,-00256.000000
		Vertex   +00224.000000,-00064.000000,+00256.000000
		Vertex   +00080.000000,-00016.000000,+00256.000000
	End Polygon
End PolyList
