Begin PolyList
	Begin Polygon Texture=DefaultTexture
		Origin   -00056.568535,-00033.941132,+00048.000000
		Normal   -00000.424264,-00000.424264,-00000.800000
		TextureU +00000.647310,-00000.759885,+00000.059702
		TextureV -00000.633238,-00000.492518,+00000.597022
		Pan      U=0 V=0
		Vertex   -00056.568535,-00033.941132,+00048.000000
		Vertex   +00045.254826,+00045.254837,-00048.000000
		Vertex   -00033.941116,-00056.568542,+00048.000000
	End Polygon
	Begin Polygon Texture=DefaultTexture
		Origin   -00022.627413,-00022.627419,+00048.000000
		Normal   +00000.000000,+00000.000000,+00001.000000
		TextureU +00000.316228,-00000.948683,+00000.000000
		TextureV +00000.948683,+00000.316228,+00000.000000
		Pan      U=0 V=0
		Vertex   -00022.627413,-00022.627419,+00048.000000
		Vertex   -00056.568535,-00033.941132,+00048.000000
		Vertex   -00033.941116,-00056.568542,+00048.000000
	End Polygon
	Begin Polygon Texture=DefaultTexture
		Origin   -00033.941116,-00056.568542,+00048.000000
		Normal   +00000.866025,-00000.288675,+00000.408248
		TextureU -00000.086173,+00000.718106,+00000.690578
		TextureV -00000.492518,-00000.633238,+00000.597022
		Pan      U=0 V=0
		Vertex   -00033.941116,-00056.568542,+00048.000000
		Vertex   +00045.254826,+00045.254837,-00048.000000
		Vertex   -00022.627413,-00022.627419,+00048.000000
	End Polygon
	Begin Polygon Texture=DefaultTexture
		Origin   +00045.254826,+00045.254837,-00048.000000
		Normal   -00000.288675,+00000.866025,+00000.408248
		TextureU +00000.718106,-00000.086173,+00000.690578
		TextureV +00000.633238,+00000.492518,-00000.597022
		Pan      U=0 V=0
		Vertex   +00045.254826,+00045.254837,-00048.000000
		Vertex   -00056.568535,-00033.941132,+00048.000000
		Vertex   -00022.627413,-00022.627419,+00048.000000
	End Polygon
End PolyList
