Begin PolyList
	Begin Polygon Texture=DefaultTexture
		Origin   -00048.900616,+00044.280128,+00048.000000
		Normal   -00000.529153,+00000.282838,-00000.800000
		TextureU -00000.539261,-00000.840020,+00000.059702
		TextureV -00000.655130,+00000.463000,+00000.597022
		Pan      U=0 V=0
		Vertex   -00048.900616,+00044.280128,+00048.000000
		Vertex   +00056.442963,-00030.169388,-00048.000000
		Vertex   -00063.985310,+00016.058647,+00048.000000
	End Polygon
	Begin Polygon Texture=DefaultTexture
		Origin   -00028.221481,+00015.084694,+00048.000000
		Normal   +00000.000000,+00000.000000,+00001.000000
		TextureU -00000.816037,-00000.577999,+00000.000000
		TextureV +00000.577999,-00000.816037,+00000.000000
		Pan      U=0 V=0
		Vertex   -00028.221481,+00015.084694,+00048.000000
		Vertex   -00048.900616,+00044.280128,+00048.000000
		Vertex   -00063.985310,+00016.058647,+00048.000000
	End Polygon
	Begin Polygon Texture=DefaultTexture
		Origin   -00063.985310,+00016.058647,+00048.000000
		Normal   -00000.024851,-00000.912533,+00000.408248
		TextureU +00000.662170,+00000.290917,+00000.690578
		TextureV -00000.748941,+00000.287491,+00000.597022
		Pan      U=0 V=0
		Vertex   -00063.985310,+00016.058647,+00048.000000
		Vertex   +00056.442963,-00030.169388,-00048.000000
		Vertex   -00028.221481,+00015.084694,+00048.000000
	End Polygon
	Begin Polygon Texture=DefaultTexture
		Origin   +00056.442963,-00030.169388,-00048.000000
		Normal   +00000.744937,+00000.527639,+00000.408248
		TextureU +00000.125993,-00000.712199,+00000.690578
		TextureV +00000.655130,-00000.463000,-00000.597022
		Pan      U=0 V=0
		Vertex   +00056.442963,-00030.169388,-00048.000000
		Vertex   -00048.900616,+00044.280128,+00048.000000
		Vertex   -00028.221481,+00015.084694,+00048.000000
	End Polygon
End PolyList
